0 !LEOCAD MODEL AUTHOR goeroeg
0 !LEOCAD MODEL BACKGROUND GRADIENT 0.176471 0.486275 0.701961 1 1 1
1 4 0 -54 2.7701 1 0 0 0 1 0 0 0 1 4212a.dat
1 0 0 -134 2.7701 1 0 0 0 1 0 0 0 1 2349b.dat
1 4 0 -70 62.7701 1 0 0 0 1 0 0 0 1 3788.dat
1 4 0 -70 -57.2299 1 0 0 0 1 0 0 0 1 3788.dat
1 0 0 -134 52.7701 1 0 0 0 1 0 0 0 1 4315.dat
1 4 0 -70 -77.2299 1 0 0 0 1 0 0 0 1 15068.dat
1 4 0 -70 -87.2299 1 0 0 0 1 0 0 0 1 2436b.dat
1 4 30 -78 -27.2299 1 0 0 0 1 0 0 0 1 3822.dat
1 4 -30 -78 -27.2299 1 0 0 0 1 0 0 0 1 3821.dat
1 4 -30 -78 32.7701 1 0 0 0 1 0 0 0 1 54200.dat
1 4 30 -78 32.7701 1 0 0 0 1 0 0 0 1 54200.dat
1 4 0 -62 32.7701 1 0 0 0 1 0 0 0 1 3710.dat
1 4 10 -70 32.7701 1 0 0 0 1 0 0 0 1 2420.dat
1 4 -10 -70 32.7701 0 0 -1 0 1 0 1 0 0 2420.dat
1 4 30 -78 92.7701 -1 0 0 0 1 0 0 0 -1 87087.dat
1 4 -30 -78 92.7701 -1 0 0 0 1 0 0 0 -1 87087.dat
1 4 20 -78 52.7701 0 0 -1 0 1 0 1 0 0 3021.dat
1 4 -20 -78 52.7701 0 0 -1 0 1 0 1 0 0 3021.dat
1 4 0 -78 92.7701 -1 0 0 0 1 0 0 0 -1 3004.dat
1 4 0 -62 -87.2299 1 0 0 0 1 0 0 0 1 3710.dat
1 4 30 -86 62.7701 0 0 -1 0 1 0 1 0 0 3023.dat
1 4 -30 -86 62.7701 0 0 -1 0 1 0 1 0 0 3023.dat
1 4 0 -86 92.7701 -1 0 0 0 1 0 0 0 -1 3710.dat
1 4 30 -94 72.7701 0 0 -1 0 1 0 1 0 0 3623.dat
1 4 -30 -94 72.7701 0 0 -1 0 1 0 1 0 0 3623.dat
1 4 0 -94 92.7701 -1 0 0 0 1 0 0 0 -1 3023.dat
1 4 30 -70 -77.2299 1 0 0 0 1 0 0 0 1 29120.dat
1 4 -30 -70 -77.2299 1 0 0 0 1 0 0 0 1 29119.dat
1 4 30 -70 -87.2299 1 0 0 0 1 0 0 0 1 3024.dat
1 4 -30 -70 -87.2299 1 0 0 0 1 0 0 0 1 3024.dat
1 4 30 -78 -57.2299 0 0 -1 0 1 0 1 0 0 3023.dat
1 4 -30 -78 -57.2299 0 0 -1 0 1 0 1 0 0 3023.dat
0 STEP
1 0 -46 -25 -57.2299 0 0 1 0 1 0 -1 0 0 6014c01.dat
1 0 -46 -25 62.7701 0 0 1 0 1 0 -1 0 0 6014c01.dat
0 STEP
1 0 46 -25 -57.2299 0 0 -1 0 1 0 1 0 0 6014c01.dat
1 0 46 -25 62.7701 0 0 -1 0 1 0 1 0 0 6014c01.dat
0 STEP
1 47 -30 -60 -109.2299 1 0 0 0 0 -1 0 1 0 98138.dat
1 47 30 -60 -109.2299 1 0 0 0 0 -1 0 1 0 98138.dat
1 47 30 -148 -37.2299 1 0 0 0 0 -1 0 1 0 98138.dat
1 47 -30 -148 -37.2299 1 0 0 0 0 -1 0 1 0 98138.dat
0 STEP
1 36 30 -68 110.7701 -1 0 0 0 0 -1 0 -1 0 3070b.dat
1 36 -30 -68 110.7701 -1 0 0 0 0 -1 0 -1 0 3070b.dat
0 STEP
1 0 0 -46 62.7701 1 0 0 0 1 0 0 0 1 2484c01.dat
1 7 0 -62 -27.2299 1 0 0 0 1 0 0 0 1 3829c01.dat
1 8 0 -38 -107.2299 1 0 0 0 1 0 0 0 1 35654.dat
1 0 30 -38 2.7701 0 0 -1 0 1 0 1 0 0 32028.dat
1 0 -30 -38 2.7701 0 0 1 0 1 0 -1 0 0 32028.dat
1 0 -10 -150 -27.2299 0 0 1 0 1 0 -1 0 0 4081a.dat
1 0 10 -150 -27.2299 0 0 -1 0 1 0 1 0 0 4081a.dat
1 0 0 -38 -87.2299 1 0 0 0 1 0 0 0 1 60470a.dat
1 43 0 -126 -27.2299 1 0 0 0 1 0 0 0 1 3823.dat
1 40 0 -126 72.7701 -1 0 0 0 1 0 0 0 -1 57783.dat
1 40 0 -129 -12.2299 1 0 0 0 1 0 0 0 1 2348b.dat
0 !LEOCAD GROUP BEGIN Minifig #1
1 14 0 -123 12.7701 1 0 0 0 1 0 0 0 1 3626cpq0.dat
1 148 0 -99 12.7701 1 0 0 0 1 0 0 0 1 973pa9.dat
1 8 0 -67 12.7701 1 0 0 0 1 0 0 0 1 3815.dat
1 148 15.5 -91 12.7701 0.985435 0.085027 0.147272 -0.170055 0.492717 0.853411 0 -0.866025 0.5 3819.dat
1 148 -15.5 -91 12.7701 0.985435 -0.085027 -0.147272 0.170055 0.492717 0.853411 0 -0.866025 0.5 3818.dat
1 14 20.57 -91.0228 -8.6844 0.985435 0.16426 0.044013 -0.170055 0.951857 0.255049 0 -0.258819 0.965926 3820.dat
1 14 -20.57 -91.0228 -8.6844 0.985435 -0.16426 -0.044013 0.170055 0.951857 0.255049 0 -0.258819 0.965926 3820.dat
1 8 0 -55 12.7701 1 0 0 0 0 1 0 -1 0 3817.dat
1 8 0 -55 12.7701 1 0 0 0 0 1 0 -1 0 3816.dat
0 !LEOCAD GROUP END
1 8 0 -110 32.7701 1 0 0 0 1 0 0 0 1 2432.dat
1 0 0 -46 92.7701 -1 0 0 0 1 0 0 0 -1 88072.dat
1 0 0 -46 -87.2299 1 0 0 0 1 0 0 0 1 35480.dat
1 0 -30 -46 2.7701 0 0 1 0 1 0 -1 0 0 35480.dat
1 0 30 -46 2.7701 0 0 1 0 1 0 -1 0 0 35480.dat
1 0 0 -70 72.7701 -1 0 0 0 1 0 0 0 -1 3023.dat
1 0 0 -78 -57.2299 1 0 0 0 1 0 0 0 1 3022.dat
1 0 0 -60 -109.2299 1 0 0 0 0 -1 0 1 0 2412b.dat
1 0 0 -142 -27.2299 1 0 0 0 1 0 0 0 1 99780.dat
1 0 0 -46 -57.2299 1 0 0 0 1 0 0 0 1 2484c01.dat
1 0 0 -38 2.7701 0 0 -1 0 1 0 1 0 0 3020.dat
