0 !LEOCAD MODEL AUTHOR goeroeg
0 !LEOCAD MODEL BACKGROUND GRADIENT 0.176471 0.486275 0.701961 1 1 1
1 14 0 -96 0 1 0 0 0 1 0 0 0 1 3626bp01.dat
0 STEP
1 4 0 -72 0 1 0 0 0 1 0 0 0 1 973.dat
0 STEP
1 4 -15.5 -64 0 0.985435 -0.139301 -0.09754 0.170055 0.807221 0.565222 0 -0.573577 0.819152 3818.dat
0 STEP
1 14 -22.0985 -55.1653 -19.0895 0.985435 -0.167471 0.02953 0.170055 0.970464 -0.171119 0 0.173648 0.984808 3820.dat
0 STEP
1 4 15.5 -64 0 0.985435 0.139301 0.09754 -0.170055 0.807221 0.565222 0 -0.573577 0.819152 3819.dat
0 STEP
1 14 22.0985 -55.1653 -19.0895 0.985435 0.167471 -0.02953 -0.170055 0.970464 -0.171119 0 0.173648 0.984808 3820.dat
0 STEP
1 1 0 -40 0 1 0 0 0 1 0 0 0 1 3815.dat
0 STEP
1 1 0 -28 0 1 0 0 0 1 0 0 0 1 3816.dat
0 STEP
1 1 0 -28 0 1 0 0 0 1 0 0 0 1 3817.dat
