0 !LEOCAD MODEL AUTHOR goeroeg
0 !LEOCAD MODEL BACKGROUND GRADIENT 0.176471 0.486275 0.701961 1 1 1
1 2 260 0 0 1 0 0 0 1 0 0 0 1 2359p02.dat
0 STEP
1 2 -380 0 -1280 1 0 0 0 1 0 0 0 1 44343p01.dat
0 STEP
1 2 260 0 -1280 0 0 -1 0 1 0 1 0 0 44336p01.dat
0 STEP
1 2 -1020 0 -640 1 0 0 0 1 0 0 0 1 44341p01.dat
0 STEP
1 2 900 0 0 0 0 -1 0 1 0 1 0 0 2359p02.dat
1 2 260 0 -640 -1 0 0 0 1 0 0 0 -1 2359p02.dat
1 2 900 0 -640 0 0 1 0 1 0 -1 0 0 2359p02.dat
1 2 -380 0 0 -1 0 0 0 1 0 0 0 -1 2359p02.dat
1 2 -380 0 -640 1 0 0 0 1 0 0 0 1 44342p01.dat
1 2 900 0 -1280 0 0 -1 0 1 0 1 0 0 44336p01.dat
1 2 -1020 0 -1280 1 0 0 0 1 0 0 0 1 44341p01.dat
1 2 -1020 0 0 1 0 0 0 1 0 0 0 1 44336p01.dat
0 STEP
0 !LEOCAD GROUP BEGIN Minifig #1
1 4 -130 -96 -1050 1 0 0 0 1 0 0 0 1 3624.dat
1 14 -130 -96 -1050 1 0 0 0 1 0 0 0 1 3626bp01.dat
1 1 -130 -72 -1050 1 0 0 0 1 0 0 0 1 973.dat
1 0 -130 -40 -1050 1 0 0 0 1 0 0 0 1 3815.dat
1 4 -114.5 -64 -1050 0.985435 0.170055 0 -0.170055 0.985435 0 0 0 1 3819.dat
1 4 -145.5 -64 -1050 0.985435 -0.170055 0 0.170055 0.985435 0 0 0 1 3818.dat
1 14 -106.3418 -46.127 -1060 0.985435 0.120247 -0.120247 -0.170055 0.696808 -0.696808 0 0.707107 0.707107 3820.dat
1 14 -153.6582 -46.127 -1060 0.985435 -0.120247 0.120247 0.170055 0.696808 -0.696808 0 0.707107 0.707107 3820.dat
1 0 -130 -28 -1050 1 0 0 0 1 0 0 0 1 3817.dat
1 0 -130 -28 -1050 1 0 0 0 1 0 0 0 1 3816.dat
0 STEP
0 !LEOCAD GROUP END
1 15 -1250 0 190 0 0 -1 0 1 0 1 0 0 723.dat
0 STEP
1 288 -760 -8 280 1 0 0 0 1 0 0 0 1 3470.dat
0 STEP
1 288 -690 -8 -920 1 0 0 0 1 0 0 0 1 2435.dat
0 STEP
1 288 -650 -8 -1020 1 0 0 0 1 0 0 0 1 3778.dat
0 STEP
1 4 -760 -8 -260 1 0 0 0 1 0 0 0 1 35700p02.dat
0 STEP
1 4 -380 -16 -270 -1 0 0 0 1 0 0 0 -1 3741ac05.dat
0 STEP
1 14 -290 -16 -450 1 0 0 0 1 0 0 0 1 3741ac03.dat
0 STEP
1 2 -1300 -16 -50 1 0 0 0 1 0 0 0 1 3741a.dat
0 STEP
1 288 -760 -8 -130 1 0 0 0 1 0 0 0 1 3470.dat
1 288 -760 -8 40 1 0 0 0 1 0 0 0 1 3470.dat
1 288 -760 -8 -370 1 0 0 0 1 0 0 0 1 3470.dat
1 288 -760 -8 -990 1 0 0 0 1 0 0 0 1 52211.dat
1 4 -210 -16 -360 1 0 0 0 1 0 0 0 1 3741ac05.dat
1 2 -310 -16 -320 -1 0 0 0 1 0 0 0 -1 3741a.dat
1 322 -380 -16 -460 1 0 0 0 1 0 0 0 1 3741ac02.dat
