0 
0 Name: car_2.ldr
0 Author: goeroeg
1 29 0 -40 -40 1 0 0 0 1 0 0 0 1 93597.dat
1 29 30 -48 -20 1 0 0 0 1 0 0 0 1 3822.dat
1 29 -30 -48 -20 1 0 0 0 1 0 0 0 1 3821.dat
1 29 0 -40 50 -1 0 0 0 1 0 0 0 -1 93590.dat
1 29 0 -40 70 -1 0 0 0 1 0 0 0 -1 15068.dat
1 29 0 -40 80 -1 0 0 0 1 0 0 0 -1 3023.dat
1 29 0 -48 -40 -1 0 0 0 1 0 0 0 -1 3023.dat
1 29 0 -22 74 0 0 -1 1 0 0 0 -1 0 93273.dat
1 29 30 -24 0 0 0 -1 0 1 0 1 0 0 3623.dat
1 29 -30 -24 0 0 0 -1 0 1 0 1 0 0 3623.dat
1 29 0 -48 50 -1 0 0 0 1 0 0 0 -1 3022.dat
0 STEP
1 0 -30 -19 -50 0 0 1 0 1 0 -1 0 0 50951.dat
1 0 -30 -19 50 0 0 1 0 1 0 -1 0 0 50951.dat
1 135 -30 -19 -50 0 0 1 0 1 0 -1 0 0 93593.dat
1 135 -30 -19 50 0 0 1 0 1 0 -1 0 0 93593.dat
0 STEP
1 0 30 -19 50 0 0 -1 0 1 0 1 0 0 50951.dat
1 0 30 -19 -50 0 0 -1 0 1 0 1 0 0 50951.dat
1 135 30 -19 50 0 0 -1 0 1 0 1 0 0 93593.dat
1 135 30 -19 -50 0 0 -1 0 1 0 1 0 0 93593.dat
0 STEP
1 47 30 -38 -98 1 0 0 0 0 -1 0 1 0 98138.dat
1 47 -30 -38 -98 1 0 0 0 0 -1 0 1 0 98138.dat
0 STEP
1 36 30 -46 78 -1 0 0 0 0 -1 0 -1 0 6141.dat
1 36 -30 -46 78 -1 0 0 0 0 -1 0 -1 0 6141.dat
0 STEP
0 !LEOCAD GROUP BEGIN Minifig #1
1 14 0 -96 20 1 0 0 0 1 0 0 0 1 3626cp8c.dat
1 226 0 -96 20 1 0 0 0 1 0 0 0 1 11256.dat
0 STEP
0 !LEOCAD GROUP END
1 43 0 -96 -20 1 0 0 0 1 0 0 0 1 3823.dat
1 8 0 -24 -20 1 0 0 0 1 0 0 0 1 3829c01.dat
1 0 0 -24 0 1 0 0 0 1 0 0 0 1 2441.dat
1 0 0 -32 -50 -1 0 0 0 1 0 0 0 -1 3022.dat
1 0 0 -32 40 -1 0 0 0 1 0 0 0 -1 3023.dat
1 0 0 -32 60 -1 0 0 0 1 0 0 0 -1 2436a.dat
1 0 0 -16 -80 1 0 0 0 1 0 0 0 1 3710.dat
1 0 0 -16 -60 1 0 0 0 1 0 0 0 1 3023.dat
0 !LEOCAD GROUP BEGIN Minifig #1
1 1 0 -72 20 1 0 0 0 1 0 0 0 1 973p7y.dat
1 5 0 -40 20 1 0 0 0 1 0 0 0 1 3815.dat
1 77 15.5 -64 19.9999 0.985435 0.109309 0.13027 -0.170055 0.633425 0.754887 0 -0.766045 0.642788 3819.dat
1 77 -15.5001 -64 19.9999 0.985435 -0.109309 -0.13027 0.170055 0.633425 0.754887 0 -0.766045 0.642788 3818.dat
1 14 21.2014 -60.3641 -0.9827 0.985435 0.169408 0.014821 -0.170055 0.981685 0.085886 0 -0.087155 0.996195 3820.dat
1 14 -21.2015 -60.3641 -0.9827 0.985435 -0.169408 -0.014821 0.170055 0.981685 0.085886 0 -0.087155 0.996195 3820.dat
1 5 0 -28 20 1 0 0 0 0 1 0 -1 0 3817.dat
1 5 0 -28 20 1 0 0 0 0 1 0 -1 0 3816.dat
0 !LEOCAD GROUP END
1 8 0 -80 40 1 0 0 0 1 0 0 0 1 2432.dat
