0 
0 Name: car_0.ldr
0 Author: goeroeg
1 4 0 -55 46.5521 1 0 0 0 1 0 0 0 1 30187.dat
0 STEP
1 15 -36 -25 46.5521 0 0 1 0 1 0 -1 0 0 6014c01.dat
0 STEP
1 15 36 -25 46.5521 0 0 -1 0 1 0 1 0 0 6014c01.dat
1 15 0 -25 -58.4479 0 0 -1 0 1 0 1 0 0 30190c01.dat
0 STEP
1 47 0 -69 -62.4479 1 0 0 0 0 -1 0 1 0 98138.dat
0 STEP
1 36 -0 -45 74.5521 1 0 0 0 0 1 0 -1 0 3070b.dat
0 STEP
1 14 0 -118.6292 -19.2972 1 0 0 0 0.906308 -0.422618 0 0.422618 0.906308 3626cp8z.dat
1 15 0 -118.6292 -19.2972 1 0 0 0 0.906308 -0.422618 0 0.422618 0.906308 2446.dat
1 39 0 -118.6292 -19.2972 1 0 0 0 0.906308 -0.422618 0 0.422618 0.906308 2447.dat
0 STEP
1 0 0 -55 -38.4479 1 0 0 0 1 0 0 0 1 30189.dat
1 7 0 -25 46.5521 1 0 0 0 1 0 0 0 1 30188.dat
1 8 0 -96.8777 -9.1543 1 0 0 0 0.906308 -0.422618 0 0.422618 0.906308 973.dat
1 8 0 -67.8757 4.3696 1 0 0 0 0.906308 -0.422618 0 0.422618 0.906308 3815.dat
1 8 15.5522 -88.8297 -5.4014 0.985435 0.09754 0.139301 -0.154123 0.858454 0.489186 -0.071868 -0.50353 0.860983 3819.dat
1 8 -15.5521 -88.0448 -4.9046 0.985435 -0.10931 -0.13027 0.1598 0.857228 0.489515 0.058162 -0.503202 0.862209 3818.dat
1 14 20.9396 -78.1814 -23.9378 0.093284 0.995202 0.02953 -0.960345 0.097765 -0.261111 -0.262745 -0.004002 0.964857 3820.dat
1 14 -21.2534 -77.4515 -23.3786 0.091414 -0.995703 -0.014822 0.961202 0.092117 -0.260011 0.260259 0.009522 0.965492 3820.dat
1 8 0 -57 9.441 1 0 0 0 0.939693 0.34202 0 -0.34202 0.939693 3817.dat
1 8 0 -57 9.441 1 0 0 0 0.939693 0.34202 0 -0.34202 0.939693 3816.dat
