0 !LEOCAD MODEL AUTHOR goeroeg
0 !LEOCAD MODEL BACKGROUND GRADIENT 0.176471 0.486275 0.701961 1 1 1
1 4 0 -31 -54.5705 1 0 0 0 1 0 0 0 1 41854.dat
1 4 0 -47 45.4295 1 0 0 0 1 0 0 0 1 3787.dat
1 4 0 -55 55.4295 -1 0 0 0 1 0 0 0 -1 47458.dat
0 !LEOCAD GROUP BEGIN Minifig #1
1 4 15.5 -84 15.4295 0.985435 0.147272 0.085027 -0.170055 0.853411 0.492717 0 -0.5 0.866025 3819.dat
1 4 -15.5 -84 15.4295 0.985435 -0.147272 -0.085027 0.170055 0.853411 0.492717 0 -0.5 0.866025 3818.dat
0 !LEOCAD GROUP END
1 4 0 -55 -44.5705 1 0 0 0 1 0 0 0 1 3039.dat
0 STEP
1 15 -40 -18 -54.5705 0 0 1 0 1 0 -1 0 0 4624.dat
1 15 -40 -18 45.4295 0 0 1 0 1 0 -1 0 0 4624.dat
1 0 -40 -18 -54.5705 0 0 1 0 1 0 -1 0 0 87414.dat
1 0 -40 -18 45.4295 0 0 1 0 1 0 -1 0 0 87414.dat
0 STEP
1 15 40 -18 45.4295 0 0 -1 0 1 0 1 0 0 4624.dat
1 15 40 -18 -54.5705 0 0 -1 0 1 0 1 0 0 4624.dat
1 0 40 -18 45.4295 0 0 -1 0 1 0 1 0 0 87414.dat
1 0 40 -18 -54.5705 0 0 -1 0 1 0 1 0 0 87414.dat
0 STEP
1 47 -10 -25 -86.5705 1 0 0 0 0 -1 0 1 0 98138.dat
1 47 10 -25 -86.5705 1 0 0 0 0 -1 0 1 0 98138.dat
0 STEP
1 36 10 -21 77.4295 -1 0 0 0 0 -1 0 -1 0 3070b.dat
1 36 -10 -21 77.4295 -1 0 0 0 0 -1 0 -1 0 3070b.dat
0 STEP
1 8 0 -23 -54.5705 1 0 0 0 1 0 0 0 1 6157.dat
1 8 0 -23 45.4295 1 0 0 0 1 0 0 0 1 6157.dat
1 7 0 -23 -64.5705 1 0 0 0 1 0 0 0 1 99780.dat
1 7 0 -31 55.4295 -1 0 0 0 1 0 0 0 -1 99781.dat
1 0 0 -23 5.4295 0 0 -1 0 1 0 1 0 0 3795.dat
1 7 0 -39 5.4295 1 0 0 0 1 0 0 0 1 4079.dat
1 8 0 -39 -24.5705 1 0 0 0 1 0 0 0 1 3829c01.dat
1 43 0 -55 -44.5705 1 0 0 0 1 0 0 0 1 85984.dat
1 8 0 -31 -4.5705 -1 0 0 0 1 0 0 0 -1 3839b.dat
1 8 0 -31 -24.5705 1 0 0 0 1 0 0 0 1 3023.dat
1 8 0 -31 25.4295 1 0 0 0 1 0 0 0 1 3022.dat
0 !LEOCAD GROUP BEGIN Minifig #1
1 0 0 -116 15.4295 1 0 0 0 1 0 0 0 1 2446.dat
1 40 0 -116 15.4295 1 0 0 0 1 0 0 0 1 2447.dat
1 14 0 -116 15.4295 1 0 0 0 1 0 0 0 1 3626bp01.dat
1 72 0 -92 15.4295 1 0 0 0 1 0 0 0 1 973p80.dat
1 0 0 -60 15.4295 1 0 0 0 1 0 0 0 1 3815.dat
1 0 22.3751 -73.5626 -2.7308 0.985435 0.16426 -0.044013 -0.170055 0.951857 -0.255049 0 0.258819 0.965926 3820.dat
1 0 -22.3751 -73.5626 -2.7308 0.985435 -0.16426 0.044013 0.170055 0.951857 -0.255049 0 0.258819 0.965926 3820.dat
1 0 0 -48 15.4295 1 0 0 0 0 1 0 -1 0 3817.dat
1 0 0 -48 15.4295 1 0 0 0 0 1 0 -1 0 3816.dat
0 !LEOCAD GROUP END
