0 !LEOCAD MODEL AUTHOR goeroeg
0 !LEOCAD MODEL BACKGROUND GRADIENT 0.176471 0.486275 0.701961 1 1 1
1 0 0 -128 -110 -1 0 0 0 1 0 0 0 -1 15210pc0.dat
1 0 0 -96 -110 -1 0 0 0 1 0 0 0 -1 3794b.dat
1 0 0 -152 -110 -1 0 0 0 1 0 0 0 -1 87994.dat
1 0 0 -24 -30 1 0 0 0 1 0 0 0 1 18674.dat
1 0 0 -16 -20 1 0 0 0 1 0 0 0 1 4590.dat
1 0 0 -16 -40 -1 0 0 0 1 0 0 0 -1 4590.dat
1 6 -40 -88 -80 -1 0 0 0 1 0 0 0 -1 6179.dat
1 6 40 -88 -80 -1 0 0 0 1 0 0 0 -1 6179.dat
1 0 0 -96 -50 -1 0 0 0 1 0 0 0 -1 3069bp80.dat
1 0 47.3205 -88 -82.6795 -0.866025 0 0.5 0 1 0 -0.5 0 -0.866025 62698-f2.dat
1 0 -60 -96 -80 -0.866025 0.5 0 0 0 1 0.5 0.866025 0 14045.dat
1 8 0 -80 -100 -1 0 0 0 1 0 0 0 -1 3034.dat
1 0 0 -56 -30 1 0 0 0 1 0 0 0 1 4079.dat
1 0 0 -48 -30 1 0 0 0 1 0 0 0 1 3062b.dat
1 8 70 -24 -90 -1 0 0 0 1 0 0 0 -1 4286.dat
1 8 -70 -24 -90 -1 0 0 0 1 0 0 0 -1 4286.dat
1 8 -70 -72 -90 0 0 -1 0 1 0 1 0 0 3665b.dat
1 8 70 -72 -90 0 0 1 0 1 0 -1 0 0 3665b.dat
1 8 70 -48 -90 -1 0 0 0 1 0 0 0 -1 3005.dat
1 8 -70 -48 -90 -1 0 0 0 1 0 0 0 -1 3005.dat
1 15 80 -192 -130 1 0 0 0 1 0 0 0 1 6160c01.dat
1 15 0 -192 -130 1 0 0 0 1 0 0 0 1 6160c01.dat
1 15 -80 -192 -130 1 0 0 0 1 0 0 0 1 6160c01.dat
1 4 -50 -112 -110 0.866025 0 0.5 0 1 0 -0.5 0 0.866025 3899.dat
0 !LEOCAD GROUP BEGIN Minifig #1
1 8 0 -133 -20 1 0 0 0 1 0 0 0 1 98385.dat
1 14 0 -133 -20 1 0 0 0 1 0 0 0 1 3626bp39.dat
1 25 0 -109 -20 1 0 0 0 1 0 0 0 1 973p2k.dat
1 23 0 -77 -20 1 0 0 0 1 0 0 0 1 3815.dat
1 25 15.5 -101 -20 0.985435 0.085027 0.147272 -0.170055 0.492717 0.853411 0 -0.866025 0.5 3819p01.dat
1 25 -15.5 -101 -20 0.985435 -0.085027 -0.147272 0.170055 0.492717 0.853411 0 -0.866025 0.5 3818p01.dat
1 14 20.57 -101.0228 -41.4545 0.649302 0.759256 0.044013 -0.742111 0.619856 0.255049 0.166366 -0.198267 0.965926 3820.dat
1 14 -20.57 -101.0228 -41.4545 0.350464 -0.935542 -0.044013 0.90936 0.328657 0.255049 -0.224144 -0.12941 0.965926 3820.dat
1 23 0 -65 -20 1 0 0 0 0 1 0 -1 0 3817.dat
1 23 0 -65 -20 1 0 0 0 0 1 0 -1 0 3816.dat
0 !LEOCAD GROUP END
1 7 0 0 0 1 0 0 0 1 0 0 0 1 3867.dat
1 2 160 0 -320 1 0 0 0 1 0 0 0 1 3867.dat
1 2 -160 0 -320 1 0 0 0 1 0 0 0 1 3867.dat
1 288 160 0 -200 1 0 0 0 1 0 0 0 1 6064.dat
1 288 -180 -8 -280 1 0 0 0 1 0 0 0 1 3778.dat
1 4 170 -12 -430 1 0 0 0 1 0 0 0 1 3741ac02.dat
1 4 30 -12 -430 1 0 0 0 1 0 0 0 1 3741ac02.dat
1 14 -150 -12 -430 1 0 0 0 1 0 0 0 1 3741ac01.dat
1 14 250 -12 -430 1 0 0 0 1 0 0 0 1 3741ac01.dat
1 232 90 -12 -430 1 0 0 0 1 0 0 0 1 3741ac02.dat
1 232 -50 -12 -430 1 0 0 0 1 0 0 0 1 3741ac01.dat
1 288 -280 -12 -320 1 0 0 0 1 0 0 0 1 2435.dat
1 288 -220 -12 -380 1 0 0 0 1 0 0 0 1 2435.dat
1 288 10 -18 -310 1 0 0 0 1 0 0 0 1 6255.dat
1 6 -140 -168 -60 0 0 -1 0 1 0 1 0 0 2042.dat
1 15 -60 -48 -140 1 0 0 0 1 0 0 0 1 73090b.dat
1 15 60 -48 -140 1 0 0 0 1 0 0 0 1 73090b.dat
1 15 -140 -192 -80 0 0 -1 0 1 0 1 0 0 2456.dat
1 15 -140 -168 60 0 0 -1 0 1 0 1 0 0 2456.dat
1 15 -100 -168 140 -1 0 0 0 1 0 0 0 -1 2456.dat
1 15 20 -168 140 -1 0 0 0 1 0 0 0 -1 2456.dat
1 15 140 -192 -80 0 0 1 0 1 0 -1 0 0 2456.dat
1 15 140 -192 40 0 0 1 0 1 0 -1 0 0 2456.dat
1 15 -140 -192 40 0 0 1 0 1 0 -1 0 0 2456.dat
1 15 140 -48 -100 0 0 -1 0 1 0 1 0 0 73090b.dat
1 15 140 -168 20 0 0 -1 0 1 0 1 0 0 73090b.dat
1 15 140 -48 20 0 0 -1 0 1 0 1 0 0 73090b.dat
1 15 -140 -72 60 0 0 1 0 1 0 -1 0 0 6213.dat
1 15 -100 -72 140 1 0 0 0 1 0 0 0 1 6213.dat
1 15 -20 -144 140 1 0 0 0 1 0 0 0 1 6213.dat
1 15 -140 -144 60 0 0 1 0 1 0 -1 0 0 6213.dat
1 15 -140 -168 -130 1 0 0 0 1 0 0 0 1 46212.dat
1 15 140 -168 -130 1 0 0 0 1 0 0 0 1 46212.dat
1 15 -130 -48 -140 0 0 -1 0 1 0 1 0 0 3245a.dat
1 15 -150 -48 -140 0 0 -1 0 1 0 1 0 0 3245a.dat
1 15 80 -144 150 1 0 0 0 1 0 0 0 1 60596.dat
1 47 50 -144 155 1 0 0 0 1 0 0 0 1 60616b.dat
1 15 140 -72 120 0 0 -1 0 1 0 1 0 0 30144.dat
1 15 0 -72 140 -1 0 0 0 1 0 0 0 -1 30144.dat
1 15 -120 -144 140 -1 0 0 0 1 0 0 0 -1 30144.dat
1 15 140 -144 120 0 0 -1 0 1 0 1 0 0 30144.dat
1 15 140 -120 -40 0 0 -1 0 1 0 1 0 0 30144.dat
1 15 140 -120 40 0 0 -1 0 1 0 1 0 0 30144.dat
1 15 140 -120 -100 0 0 -1 0 1 0 1 0 0 30145.dat
1 15 140 -144 -80 0 0 -1 0 1 0 1 0 0 3001.dat
1 15 140 -168 -80 0 0 -1 0 1 0 1 0 0 3001.dat
1 15 120 -168 140 -1 0 0 0 1 0 0 0 -1 3001.dat
1 15 140 -168 100 0 0 -1 0 1 0 1 0 0 3003.dat
1 15 40 -192 140 -1 0 0 0 1 0 0 0 -1 3007.dat
1 15 -80 -192 140 -1 0 0 0 1 0 0 0 -1 3001.dat
1 15 140 -192 130 0 0 1 0 1 0 -1 0 0 3002.dat
1 15 -140 -192 130 0 0 1 0 1 0 -1 0 0 3002.dat
1 15 0 -200 80 1 0 0 0 1 0 0 0 1 92438.dat
1 15 0 -200 -80 1 0 0 0 1 0 0 0 1 92438.dat
1 7 80 0 320 1 0 0 0 1 0 0 0 1 3867.dat
0 !LEOCAD GROUP BEGIN Kid2
1 4 40 -24 250 1 0 0 0 1 0 0 0 1 16709.dat
0 !LEOCAD GROUP END
0 !LEOCAD GROUP BEGIN Kid1
1 1 120 -24 250 1 0 0 0 1 0 0 0 1 41879a.dat
1 4 120 -80 250 1 0 0 0 1 0 0 0 1 11303.dat
1 14 120 -80 250 1 0 0 0 1 0 0 0 1 3626bp0f.dat
1 232 120 -56 250 1 0 0 0 1 0 0 0 1 973p1t.dat
1 23 135.5 -48 250 0.985435 0.170055 0 -0.170055 0.985435 0 0 0 1 3819.dat
1 23 104.5 -48 250 0.985435 -0.170055 0 0.170055 0.985435 0 0 0 1 3818.dat
1 14 143.6582 -30.127 240 0.985435 0.120247 -0.120247 -0.170055 0.696808 -0.696808 0 0.707107 0.707107 3820.dat
1 14 96.3418 -30.127 240 0.985435 -0.120247 0.120247 0.170055 0.696808 -0.696808 0 0.707107 0.707107 3820.dat
1 7 95.1242 -23.0711 232.4019 0.985435 -0.085027 0.147272 0.170055 0.492717 -0.853411 0 0.866025 0.5 76764.dat
0 !LEOCAD GROUP END
0 !LEOCAD GROUP BEGIN Kid2
1 484 40 -80 250 1 0 0 0 1 0 0 0 1 59363.dat
1 14 40 -80 250 1 0 0 0 1 0 0 0 1 3626cp8d.dat
1 351 40 -56 250 1 0 0 0 1 0 0 0 1 973p2m.dat
1 22 55.5 -48 250 0.985435 0 0.170055 -0.170055 0 0.985435 0 -1 0 3819.dat
1 22 24.5 -48 250 0.985435 -0.170055 0 0.170055 0.985435 0 0 0 1 3818.dat
1 14 58.7266 -58.7046 230.9999 0.985435 0.120247 0.120247 -0.170055 0.696808 0.696807 0 -0.707106 0.707107 3820.dat
1 14 16.3418 -30.127 240 0.985435 -0.120247 0.120247 0.170055 0.696808 -0.696808 0 0.707107 0.707107 3820.dat
0 !LEOCAD GROUP END
